gamma: -1, margin: -1, train_auc: 0.5419854991192856, test_auc: 0.5259535430571236
gamma: -1, margin: -1, train_auc: 0.9099248252664643, test_auc: 0.661679422389141
