train_auc: 0.9889886674907105, test_auc: 0.65556736
train_auc: 0.9948609330769642, test_auc: 0.6708853000000001
train_auc: 0.9960237980787573, test_auc: 0.6732724999999999
